{
 "cells": [
  {
   "cell_type": "code",
   "execution_count": 1,
   "id": "4cbeb722",
   "metadata": {},
   "outputs": [
    {
     "name": "stdout",
     "output_type": "stream",
     "text": [
      "Requirement already satisfied: pandas in c:\\users\\dell\\anaconda3\\lib\\site-packages (1.4.4)\n",
      "Requirement already satisfied: pytz>=2020.1 in c:\\users\\dell\\anaconda3\\lib\\site-packages (from pandas) (2022.1)\n",
      "Requirement already satisfied: python-dateutil>=2.8.1 in c:\\users\\dell\\anaconda3\\lib\\site-packages (from pandas) (2.8.2)\n",
      "Requirement already satisfied: numpy>=1.18.5 in c:\\users\\dell\\anaconda3\\lib\\site-packages (from pandas) (1.21.5)\n",
      "Requirement already satisfied: six>=1.5 in c:\\users\\dell\\anaconda3\\lib\\site-packages (from python-dateutil>=2.8.1->pandas) (1.16.0)\n",
      "Note: you may need to restart the kernel to use updated packages.\n"
     ]
    }
   ],
   "source": [
    "pip install pandas"
   ]
  },
  {
   "cell_type": "code",
   "execution_count": 2,
   "id": "19bebbec",
   "metadata": {},
   "outputs": [],
   "source": [
    "import pandas as pd "
   ]
  },
  {
   "cell_type": "code",
   "execution_count": 30,
   "id": "1ccf2336",
   "metadata": {},
   "outputs": [],
   "source": [
    "\n",
    "\n",
    "df=pd.read_csv(r\"C:\\Users\\dell\\Desktop\\Task\\MapUp-Data-Assessment-F\\datasets\\dataset-1.csv\")"
   ]
  },
  {
   "cell_type": "code",
   "execution_count": 31,
   "id": "7ef88c50",
   "metadata": {},
   "outputs": [
    {
     "data": {
      "text/html": [
       "<div>\n",
       "<style scoped>\n",
       "    .dataframe tbody tr th:only-of-type {\n",
       "        vertical-align: middle;\n",
       "    }\n",
       "\n",
       "    .dataframe tbody tr th {\n",
       "        vertical-align: top;\n",
       "    }\n",
       "\n",
       "    .dataframe thead th {\n",
       "        text-align: right;\n",
       "    }\n",
       "</style>\n",
       "<table border=\"1\" class=\"dataframe\">\n",
       "  <thead>\n",
       "    <tr style=\"text-align: right;\">\n",
       "      <th></th>\n",
       "      <th>id_1</th>\n",
       "      <th>id_2</th>\n",
       "      <th>route</th>\n",
       "      <th>moto</th>\n",
       "      <th>car</th>\n",
       "      <th>rv</th>\n",
       "      <th>bus</th>\n",
       "      <th>truck</th>\n",
       "    </tr>\n",
       "  </thead>\n",
       "  <tbody>\n",
       "    <tr>\n",
       "      <th>0</th>\n",
       "      <td>829</td>\n",
       "      <td>827</td>\n",
       "      <td>1</td>\n",
       "      <td>2.05</td>\n",
       "      <td>4.14</td>\n",
       "      <td>4.14</td>\n",
       "      <td>10.1</td>\n",
       "      <td>15.2</td>\n",
       "    </tr>\n",
       "    <tr>\n",
       "      <th>1</th>\n",
       "      <td>829</td>\n",
       "      <td>821</td>\n",
       "      <td>4</td>\n",
       "      <td>6.63</td>\n",
       "      <td>13.26</td>\n",
       "      <td>13.26</td>\n",
       "      <td>32.4</td>\n",
       "      <td>48.5</td>\n",
       "    </tr>\n",
       "    <tr>\n",
       "      <th>2</th>\n",
       "      <td>829</td>\n",
       "      <td>804</td>\n",
       "      <td>7</td>\n",
       "      <td>14.41</td>\n",
       "      <td>28.92</td>\n",
       "      <td>28.92</td>\n",
       "      <td>64.7</td>\n",
       "      <td>97.0</td>\n",
       "    </tr>\n",
       "    <tr>\n",
       "      <th>3</th>\n",
       "      <td>829</td>\n",
       "      <td>822</td>\n",
       "      <td>6</td>\n",
       "      <td>5.90</td>\n",
       "      <td>11.81</td>\n",
       "      <td>11.81</td>\n",
       "      <td>28.8</td>\n",
       "      <td>43.2</td>\n",
       "    </tr>\n",
       "    <tr>\n",
       "      <th>4</th>\n",
       "      <td>829</td>\n",
       "      <td>826</td>\n",
       "      <td>9</td>\n",
       "      <td>2.87</td>\n",
       "      <td>5.81</td>\n",
       "      <td>5.81</td>\n",
       "      <td>14.2</td>\n",
       "      <td>21.2</td>\n",
       "    </tr>\n",
       "    <tr>\n",
       "      <th>...</th>\n",
       "      <td>...</td>\n",
       "      <td>...</td>\n",
       "      <td>...</td>\n",
       "      <td>...</td>\n",
       "      <td>...</td>\n",
       "      <td>...</td>\n",
       "      <td>...</td>\n",
       "      <td>...</td>\n",
       "    </tr>\n",
       "    <tr>\n",
       "      <th>336</th>\n",
       "      <td>803</td>\n",
       "      <td>802</td>\n",
       "      <td>3</td>\n",
       "      <td>1.70</td>\n",
       "      <td>3.40</td>\n",
       "      <td>3.40</td>\n",
       "      <td>6.9</td>\n",
       "      <td>10.3</td>\n",
       "    </tr>\n",
       "    <tr>\n",
       "      <th>337</th>\n",
       "      <td>803</td>\n",
       "      <td>805</td>\n",
       "      <td>4</td>\n",
       "      <td>3.00</td>\n",
       "      <td>6.00</td>\n",
       "      <td>6.00</td>\n",
       "      <td>12.0</td>\n",
       "      <td>17.9</td>\n",
       "    </tr>\n",
       "    <tr>\n",
       "      <th>338</th>\n",
       "      <td>803</td>\n",
       "      <td>825</td>\n",
       "      <td>3</td>\n",
       "      <td>11.59</td>\n",
       "      <td>23.28</td>\n",
       "      <td>23.28</td>\n",
       "      <td>50.1</td>\n",
       "      <td>75.2</td>\n",
       "    </tr>\n",
       "    <tr>\n",
       "      <th>339</th>\n",
       "      <td>803</td>\n",
       "      <td>806</td>\n",
       "      <td>9</td>\n",
       "      <td>3.80</td>\n",
       "      <td>7.70</td>\n",
       "      <td>7.70</td>\n",
       "      <td>15.3</td>\n",
       "      <td>23.0</td>\n",
       "    </tr>\n",
       "    <tr>\n",
       "      <th>340</th>\n",
       "      <td>803</td>\n",
       "      <td>830</td>\n",
       "      <td>1</td>\n",
       "      <td>16.18</td>\n",
       "      <td>32.47</td>\n",
       "      <td>32.47</td>\n",
       "      <td>72.6</td>\n",
       "      <td>108.8</td>\n",
       "    </tr>\n",
       "  </tbody>\n",
       "</table>\n",
       "<p>341 rows × 8 columns</p>\n",
       "</div>"
      ],
      "text/plain": [
       "     id_1  id_2  route   moto    car     rv   bus  truck\n",
       "0     829   827      1   2.05   4.14   4.14  10.1   15.2\n",
       "1     829   821      4   6.63  13.26  13.26  32.4   48.5\n",
       "2     829   804      7  14.41  28.92  28.92  64.7   97.0\n",
       "3     829   822      6   5.90  11.81  11.81  28.8   43.2\n",
       "4     829   826      9   2.87   5.81   5.81  14.2   21.2\n",
       "..    ...   ...    ...    ...    ...    ...   ...    ...\n",
       "336   803   802      3   1.70   3.40   3.40   6.9   10.3\n",
       "337   803   805      4   3.00   6.00   6.00  12.0   17.9\n",
       "338   803   825      3  11.59  23.28  23.28  50.1   75.2\n",
       "339   803   806      9   3.80   7.70   7.70  15.3   23.0\n",
       "340   803   830      1  16.18  32.47  32.47  72.6  108.8\n",
       "\n",
       "[341 rows x 8 columns]"
      ]
     },
     "execution_count": 31,
     "metadata": {},
     "output_type": "execute_result"
    }
   ],
   "source": [
    "df"
   ]
  },
  {
   "cell_type": "code",
   "execution_count": 69,
   "id": "0402f9d8",
   "metadata": {},
   "outputs": [],
   "source": [
    "def generate_car_matrix(df)->pd.DataFrame:\n",
    "    result_df=df.pivot(index=\"id_1\",columns=\"id_2\",values=\"car\")\n",
    "    result_df=result_df.fillna(0).astype(float)\n",
    "    result_df.values[[range(len(result_df))]*2]=0.0\n",
    "\n",
    "\n",
    "    return result_df    "
   ]
  },
  {
   "cell_type": "code",
   "execution_count": 70,
   "id": "eaee2a70",
   "metadata": {},
   "outputs": [
    {
     "data": {
      "text/html": [
       "<div>\n",
       "<style scoped>\n",
       "    .dataframe tbody tr th:only-of-type {\n",
       "        vertical-align: middle;\n",
       "    }\n",
       "\n",
       "    .dataframe tbody tr th {\n",
       "        vertical-align: top;\n",
       "    }\n",
       "\n",
       "    .dataframe thead th {\n",
       "        text-align: right;\n",
       "    }\n",
       "</style>\n",
       "<table border=\"1\" class=\"dataframe\">\n",
       "  <thead>\n",
       "    <tr style=\"text-align: right;\">\n",
       "      <th>id_2</th>\n",
       "      <th>801</th>\n",
       "      <th>802</th>\n",
       "      <th>803</th>\n",
       "      <th>804</th>\n",
       "      <th>805</th>\n",
       "      <th>806</th>\n",
       "      <th>807</th>\n",
       "      <th>808</th>\n",
       "      <th>809</th>\n",
       "      <th>821</th>\n",
       "      <th>822</th>\n",
       "      <th>823</th>\n",
       "      <th>824</th>\n",
       "      <th>825</th>\n",
       "      <th>826</th>\n",
       "      <th>827</th>\n",
       "      <th>829</th>\n",
       "      <th>830</th>\n",
       "      <th>831</th>\n",
       "    </tr>\n",
       "    <tr>\n",
       "      <th>id_1</th>\n",
       "      <th></th>\n",
       "      <th></th>\n",
       "      <th></th>\n",
       "      <th></th>\n",
       "      <th></th>\n",
       "      <th></th>\n",
       "      <th></th>\n",
       "      <th></th>\n",
       "      <th></th>\n",
       "      <th></th>\n",
       "      <th></th>\n",
       "      <th></th>\n",
       "      <th></th>\n",
       "      <th></th>\n",
       "      <th></th>\n",
       "      <th></th>\n",
       "      <th></th>\n",
       "      <th></th>\n",
       "      <th></th>\n",
       "    </tr>\n",
       "  </thead>\n",
       "  <tbody>\n",
       "    <tr>\n",
       "      <th>801</th>\n",
       "      <td>0.00</td>\n",
       "      <td>2.80</td>\n",
       "      <td>6.00</td>\n",
       "      <td>7.70</td>\n",
       "      <td>11.70</td>\n",
       "      <td>13.40</td>\n",
       "      <td>16.90</td>\n",
       "      <td>19.60</td>\n",
       "      <td>21.00</td>\n",
       "      <td>23.52</td>\n",
       "      <td>24.67</td>\n",
       "      <td>26.53</td>\n",
       "      <td>27.92</td>\n",
       "      <td>29.08</td>\n",
       "      <td>30.87</td>\n",
       "      <td>32.53</td>\n",
       "      <td>36.32</td>\n",
       "      <td>38.27</td>\n",
       "      <td>39.24</td>\n",
       "    </tr>\n",
       "    <tr>\n",
       "      <th>802</th>\n",
       "      <td>2.80</td>\n",
       "      <td>0.00</td>\n",
       "      <td>3.40</td>\n",
       "      <td>5.20</td>\n",
       "      <td>9.20</td>\n",
       "      <td>10.90</td>\n",
       "      <td>14.30</td>\n",
       "      <td>17.10</td>\n",
       "      <td>18.50</td>\n",
       "      <td>20.92</td>\n",
       "      <td>22.07</td>\n",
       "      <td>23.93</td>\n",
       "      <td>25.32</td>\n",
       "      <td>26.48</td>\n",
       "      <td>28.27</td>\n",
       "      <td>29.93</td>\n",
       "      <td>33.72</td>\n",
       "      <td>35.67</td>\n",
       "      <td>36.64</td>\n",
       "    </tr>\n",
       "    <tr>\n",
       "      <th>803</th>\n",
       "      <td>6.00</td>\n",
       "      <td>3.40</td>\n",
       "      <td>0.00</td>\n",
       "      <td>2.00</td>\n",
       "      <td>6.00</td>\n",
       "      <td>7.70</td>\n",
       "      <td>11.10</td>\n",
       "      <td>13.90</td>\n",
       "      <td>15.30</td>\n",
       "      <td>17.72</td>\n",
       "      <td>18.87</td>\n",
       "      <td>20.73</td>\n",
       "      <td>22.12</td>\n",
       "      <td>23.28</td>\n",
       "      <td>25.07</td>\n",
       "      <td>26.73</td>\n",
       "      <td>30.52</td>\n",
       "      <td>32.47</td>\n",
       "      <td>33.44</td>\n",
       "    </tr>\n",
       "    <tr>\n",
       "      <th>804</th>\n",
       "      <td>7.70</td>\n",
       "      <td>5.20</td>\n",
       "      <td>2.00</td>\n",
       "      <td>0.00</td>\n",
       "      <td>4.40</td>\n",
       "      <td>6.10</td>\n",
       "      <td>9.50</td>\n",
       "      <td>12.30</td>\n",
       "      <td>13.70</td>\n",
       "      <td>16.12</td>\n",
       "      <td>17.27</td>\n",
       "      <td>19.13</td>\n",
       "      <td>20.52</td>\n",
       "      <td>21.68</td>\n",
       "      <td>23.47</td>\n",
       "      <td>25.13</td>\n",
       "      <td>28.92</td>\n",
       "      <td>30.87</td>\n",
       "      <td>31.84</td>\n",
       "    </tr>\n",
       "    <tr>\n",
       "      <th>805</th>\n",
       "      <td>11.70</td>\n",
       "      <td>9.20</td>\n",
       "      <td>6.00</td>\n",
       "      <td>4.40</td>\n",
       "      <td>0.00</td>\n",
       "      <td>2.00</td>\n",
       "      <td>5.40</td>\n",
       "      <td>8.20</td>\n",
       "      <td>9.60</td>\n",
       "      <td>12.02</td>\n",
       "      <td>13.17</td>\n",
       "      <td>15.03</td>\n",
       "      <td>16.42</td>\n",
       "      <td>17.58</td>\n",
       "      <td>19.37</td>\n",
       "      <td>21.03</td>\n",
       "      <td>24.82</td>\n",
       "      <td>26.77</td>\n",
       "      <td>27.74</td>\n",
       "    </tr>\n",
       "    <tr>\n",
       "      <th>806</th>\n",
       "      <td>13.40</td>\n",
       "      <td>10.90</td>\n",
       "      <td>7.70</td>\n",
       "      <td>6.10</td>\n",
       "      <td>2.00</td>\n",
       "      <td>0.00</td>\n",
       "      <td>3.80</td>\n",
       "      <td>6.60</td>\n",
       "      <td>8.00</td>\n",
       "      <td>10.42</td>\n",
       "      <td>11.57</td>\n",
       "      <td>13.43</td>\n",
       "      <td>14.82</td>\n",
       "      <td>15.98</td>\n",
       "      <td>17.77</td>\n",
       "      <td>19.43</td>\n",
       "      <td>23.22</td>\n",
       "      <td>25.17</td>\n",
       "      <td>26.14</td>\n",
       "    </tr>\n",
       "    <tr>\n",
       "      <th>807</th>\n",
       "      <td>16.90</td>\n",
       "      <td>14.30</td>\n",
       "      <td>11.10</td>\n",
       "      <td>9.50</td>\n",
       "      <td>5.40</td>\n",
       "      <td>3.80</td>\n",
       "      <td>0.00</td>\n",
       "      <td>2.90</td>\n",
       "      <td>4.30</td>\n",
       "      <td>6.82</td>\n",
       "      <td>7.97</td>\n",
       "      <td>9.83</td>\n",
       "      <td>11.22</td>\n",
       "      <td>12.38</td>\n",
       "      <td>14.17</td>\n",
       "      <td>15.83</td>\n",
       "      <td>19.62</td>\n",
       "      <td>21.57</td>\n",
       "      <td>22.54</td>\n",
       "    </tr>\n",
       "    <tr>\n",
       "      <th>808</th>\n",
       "      <td>19.60</td>\n",
       "      <td>17.10</td>\n",
       "      <td>13.90</td>\n",
       "      <td>12.30</td>\n",
       "      <td>8.20</td>\n",
       "      <td>6.60</td>\n",
       "      <td>2.90</td>\n",
       "      <td>0.00</td>\n",
       "      <td>1.70</td>\n",
       "      <td>4.12</td>\n",
       "      <td>5.27</td>\n",
       "      <td>7.13</td>\n",
       "      <td>8.52</td>\n",
       "      <td>9.68</td>\n",
       "      <td>11.47</td>\n",
       "      <td>13.13</td>\n",
       "      <td>16.92</td>\n",
       "      <td>18.87</td>\n",
       "      <td>19.84</td>\n",
       "    </tr>\n",
       "    <tr>\n",
       "      <th>809</th>\n",
       "      <td>21.00</td>\n",
       "      <td>18.50</td>\n",
       "      <td>15.30</td>\n",
       "      <td>13.70</td>\n",
       "      <td>9.60</td>\n",
       "      <td>8.00</td>\n",
       "      <td>4.30</td>\n",
       "      <td>1.70</td>\n",
       "      <td>0.00</td>\n",
       "      <td>2.92</td>\n",
       "      <td>4.07</td>\n",
       "      <td>5.93</td>\n",
       "      <td>7.32</td>\n",
       "      <td>8.48</td>\n",
       "      <td>10.27</td>\n",
       "      <td>11.93</td>\n",
       "      <td>15.72</td>\n",
       "      <td>17.67</td>\n",
       "      <td>18.64</td>\n",
       "    </tr>\n",
       "    <tr>\n",
       "      <th>821</th>\n",
       "      <td>23.52</td>\n",
       "      <td>20.92</td>\n",
       "      <td>17.72</td>\n",
       "      <td>16.12</td>\n",
       "      <td>12.02</td>\n",
       "      <td>10.42</td>\n",
       "      <td>6.82</td>\n",
       "      <td>4.12</td>\n",
       "      <td>2.92</td>\n",
       "      <td>0.00</td>\n",
       "      <td>1.80</td>\n",
       "      <td>3.67</td>\n",
       "      <td>5.06</td>\n",
       "      <td>6.22</td>\n",
       "      <td>8.01</td>\n",
       "      <td>9.43</td>\n",
       "      <td>13.26</td>\n",
       "      <td>15.17</td>\n",
       "      <td>16.15</td>\n",
       "    </tr>\n",
       "    <tr>\n",
       "      <th>822</th>\n",
       "      <td>24.67</td>\n",
       "      <td>22.07</td>\n",
       "      <td>18.87</td>\n",
       "      <td>17.27</td>\n",
       "      <td>13.17</td>\n",
       "      <td>11.57</td>\n",
       "      <td>7.97</td>\n",
       "      <td>5.27</td>\n",
       "      <td>4.07</td>\n",
       "      <td>1.80</td>\n",
       "      <td>0.00</td>\n",
       "      <td>2.21</td>\n",
       "      <td>3.60</td>\n",
       "      <td>4.76</td>\n",
       "      <td>6.55</td>\n",
       "      <td>8.00</td>\n",
       "      <td>11.81</td>\n",
       "      <td>13.74</td>\n",
       "      <td>14.68</td>\n",
       "    </tr>\n",
       "    <tr>\n",
       "      <th>823</th>\n",
       "      <td>26.53</td>\n",
       "      <td>23.93</td>\n",
       "      <td>20.73</td>\n",
       "      <td>19.13</td>\n",
       "      <td>15.03</td>\n",
       "      <td>13.43</td>\n",
       "      <td>9.83</td>\n",
       "      <td>7.13</td>\n",
       "      <td>5.93</td>\n",
       "      <td>3.67</td>\n",
       "      <td>2.21</td>\n",
       "      <td>0.00</td>\n",
       "      <td>1.79</td>\n",
       "      <td>2.94</td>\n",
       "      <td>4.74</td>\n",
       "      <td>6.15</td>\n",
       "      <td>10.00</td>\n",
       "      <td>11.89</td>\n",
       "      <td>12.87</td>\n",
       "    </tr>\n",
       "    <tr>\n",
       "      <th>824</th>\n",
       "      <td>27.92</td>\n",
       "      <td>25.32</td>\n",
       "      <td>22.12</td>\n",
       "      <td>20.52</td>\n",
       "      <td>16.42</td>\n",
       "      <td>7.80</td>\n",
       "      <td>11.22</td>\n",
       "      <td>8.52</td>\n",
       "      <td>7.32</td>\n",
       "      <td>5.06</td>\n",
       "      <td>3.60</td>\n",
       "      <td>1.79</td>\n",
       "      <td>0.00</td>\n",
       "      <td>1.71</td>\n",
       "      <td>3.50</td>\n",
       "      <td>4.92</td>\n",
       "      <td>8.77</td>\n",
       "      <td>10.66</td>\n",
       "      <td>11.64</td>\n",
       "    </tr>\n",
       "    <tr>\n",
       "      <th>825</th>\n",
       "      <td>29.08</td>\n",
       "      <td>26.48</td>\n",
       "      <td>23.28</td>\n",
       "      <td>21.68</td>\n",
       "      <td>17.58</td>\n",
       "      <td>15.98</td>\n",
       "      <td>12.38</td>\n",
       "      <td>9.68</td>\n",
       "      <td>8.48</td>\n",
       "      <td>6.22</td>\n",
       "      <td>4.76</td>\n",
       "      <td>2.94</td>\n",
       "      <td>1.71</td>\n",
       "      <td>0.00</td>\n",
       "      <td>2.20</td>\n",
       "      <td>3.65</td>\n",
       "      <td>7.46</td>\n",
       "      <td>9.35</td>\n",
       "      <td>10.33</td>\n",
       "    </tr>\n",
       "    <tr>\n",
       "      <th>826</th>\n",
       "      <td>30.87</td>\n",
       "      <td>28.27</td>\n",
       "      <td>25.07</td>\n",
       "      <td>23.47</td>\n",
       "      <td>19.37</td>\n",
       "      <td>17.77</td>\n",
       "      <td>14.17</td>\n",
       "      <td>11.47</td>\n",
       "      <td>10.27</td>\n",
       "      <td>8.01</td>\n",
       "      <td>6.55</td>\n",
       "      <td>4.74</td>\n",
       "      <td>3.50</td>\n",
       "      <td>2.20</td>\n",
       "      <td>0.00</td>\n",
       "      <td>2.05</td>\n",
       "      <td>5.81</td>\n",
       "      <td>7.71</td>\n",
       "      <td>8.69</td>\n",
       "    </tr>\n",
       "    <tr>\n",
       "      <th>827</th>\n",
       "      <td>32.53</td>\n",
       "      <td>29.93</td>\n",
       "      <td>26.73</td>\n",
       "      <td>25.13</td>\n",
       "      <td>21.03</td>\n",
       "      <td>19.43</td>\n",
       "      <td>15.83</td>\n",
       "      <td>13.13</td>\n",
       "      <td>11.93</td>\n",
       "      <td>9.43</td>\n",
       "      <td>8.00</td>\n",
       "      <td>6.15</td>\n",
       "      <td>4.92</td>\n",
       "      <td>3.65</td>\n",
       "      <td>2.05</td>\n",
       "      <td>0.00</td>\n",
       "      <td>4.14</td>\n",
       "      <td>6.06</td>\n",
       "      <td>7.04</td>\n",
       "    </tr>\n",
       "    <tr>\n",
       "      <th>829</th>\n",
       "      <td>36.32</td>\n",
       "      <td>33.72</td>\n",
       "      <td>30.52</td>\n",
       "      <td>28.92</td>\n",
       "      <td>24.82</td>\n",
       "      <td>23.22</td>\n",
       "      <td>19.62</td>\n",
       "      <td>16.92</td>\n",
       "      <td>15.72</td>\n",
       "      <td>13.26</td>\n",
       "      <td>11.81</td>\n",
       "      <td>10.00</td>\n",
       "      <td>21.40</td>\n",
       "      <td>7.46</td>\n",
       "      <td>5.81</td>\n",
       "      <td>4.14</td>\n",
       "      <td>0.00</td>\n",
       "      <td>2.38</td>\n",
       "      <td>3.36</td>\n",
       "    </tr>\n",
       "    <tr>\n",
       "      <th>830</th>\n",
       "      <td>38.27</td>\n",
       "      <td>35.67</td>\n",
       "      <td>32.47</td>\n",
       "      <td>30.87</td>\n",
       "      <td>26.77</td>\n",
       "      <td>25.17</td>\n",
       "      <td>21.57</td>\n",
       "      <td>18.87</td>\n",
       "      <td>17.67</td>\n",
       "      <td>15.17</td>\n",
       "      <td>13.74</td>\n",
       "      <td>11.89</td>\n",
       "      <td>10.66</td>\n",
       "      <td>0.00</td>\n",
       "      <td>7.71</td>\n",
       "      <td>6.06</td>\n",
       "      <td>2.38</td>\n",
       "      <td>0.00</td>\n",
       "      <td>1.39</td>\n",
       "    </tr>\n",
       "    <tr>\n",
       "      <th>831</th>\n",
       "      <td>39.24</td>\n",
       "      <td>36.64</td>\n",
       "      <td>33.44</td>\n",
       "      <td>31.84</td>\n",
       "      <td>27.74</td>\n",
       "      <td>26.14</td>\n",
       "      <td>22.54</td>\n",
       "      <td>19.84</td>\n",
       "      <td>18.64</td>\n",
       "      <td>16.15</td>\n",
       "      <td>14.68</td>\n",
       "      <td>12.87</td>\n",
       "      <td>11.64</td>\n",
       "      <td>10.33</td>\n",
       "      <td>8.69</td>\n",
       "      <td>7.04</td>\n",
       "      <td>3.36</td>\n",
       "      <td>1.39</td>\n",
       "      <td>0.00</td>\n",
       "    </tr>\n",
       "  </tbody>\n",
       "</table>\n",
       "</div>"
      ],
      "text/plain": [
       "id_2    801    802    803    804    805    806    807    808    809    821  \\\n",
       "id_1                                                                         \n",
       "801    0.00   2.80   6.00   7.70  11.70  13.40  16.90  19.60  21.00  23.52   \n",
       "802    2.80   0.00   3.40   5.20   9.20  10.90  14.30  17.10  18.50  20.92   \n",
       "803    6.00   3.40   0.00   2.00   6.00   7.70  11.10  13.90  15.30  17.72   \n",
       "804    7.70   5.20   2.00   0.00   4.40   6.10   9.50  12.30  13.70  16.12   \n",
       "805   11.70   9.20   6.00   4.40   0.00   2.00   5.40   8.20   9.60  12.02   \n",
       "806   13.40  10.90   7.70   6.10   2.00   0.00   3.80   6.60   8.00  10.42   \n",
       "807   16.90  14.30  11.10   9.50   5.40   3.80   0.00   2.90   4.30   6.82   \n",
       "808   19.60  17.10  13.90  12.30   8.20   6.60   2.90   0.00   1.70   4.12   \n",
       "809   21.00  18.50  15.30  13.70   9.60   8.00   4.30   1.70   0.00   2.92   \n",
       "821   23.52  20.92  17.72  16.12  12.02  10.42   6.82   4.12   2.92   0.00   \n",
       "822   24.67  22.07  18.87  17.27  13.17  11.57   7.97   5.27   4.07   1.80   \n",
       "823   26.53  23.93  20.73  19.13  15.03  13.43   9.83   7.13   5.93   3.67   \n",
       "824   27.92  25.32  22.12  20.52  16.42   7.80  11.22   8.52   7.32   5.06   \n",
       "825   29.08  26.48  23.28  21.68  17.58  15.98  12.38   9.68   8.48   6.22   \n",
       "826   30.87  28.27  25.07  23.47  19.37  17.77  14.17  11.47  10.27   8.01   \n",
       "827   32.53  29.93  26.73  25.13  21.03  19.43  15.83  13.13  11.93   9.43   \n",
       "829   36.32  33.72  30.52  28.92  24.82  23.22  19.62  16.92  15.72  13.26   \n",
       "830   38.27  35.67  32.47  30.87  26.77  25.17  21.57  18.87  17.67  15.17   \n",
       "831   39.24  36.64  33.44  31.84  27.74  26.14  22.54  19.84  18.64  16.15   \n",
       "\n",
       "id_2    822    823    824    825    826    827    829    830    831  \n",
       "id_1                                                                 \n",
       "801   24.67  26.53  27.92  29.08  30.87  32.53  36.32  38.27  39.24  \n",
       "802   22.07  23.93  25.32  26.48  28.27  29.93  33.72  35.67  36.64  \n",
       "803   18.87  20.73  22.12  23.28  25.07  26.73  30.52  32.47  33.44  \n",
       "804   17.27  19.13  20.52  21.68  23.47  25.13  28.92  30.87  31.84  \n",
       "805   13.17  15.03  16.42  17.58  19.37  21.03  24.82  26.77  27.74  \n",
       "806   11.57  13.43  14.82  15.98  17.77  19.43  23.22  25.17  26.14  \n",
       "807    7.97   9.83  11.22  12.38  14.17  15.83  19.62  21.57  22.54  \n",
       "808    5.27   7.13   8.52   9.68  11.47  13.13  16.92  18.87  19.84  \n",
       "809    4.07   5.93   7.32   8.48  10.27  11.93  15.72  17.67  18.64  \n",
       "821    1.80   3.67   5.06   6.22   8.01   9.43  13.26  15.17  16.15  \n",
       "822    0.00   2.21   3.60   4.76   6.55   8.00  11.81  13.74  14.68  \n",
       "823    2.21   0.00   1.79   2.94   4.74   6.15  10.00  11.89  12.87  \n",
       "824    3.60   1.79   0.00   1.71   3.50   4.92   8.77  10.66  11.64  \n",
       "825    4.76   2.94   1.71   0.00   2.20   3.65   7.46   9.35  10.33  \n",
       "826    6.55   4.74   3.50   2.20   0.00   2.05   5.81   7.71   8.69  \n",
       "827    8.00   6.15   4.92   3.65   2.05   0.00   4.14   6.06   7.04  \n",
       "829   11.81  10.00  21.40   7.46   5.81   4.14   0.00   2.38   3.36  \n",
       "830   13.74  11.89  10.66   0.00   7.71   6.06   2.38   0.00   1.39  \n",
       "831   14.68  12.87  11.64  10.33   8.69   7.04   3.36   1.39   0.00  "
      ]
     },
     "execution_count": 70,
     "metadata": {},
     "output_type": "execute_result"
    }
   ],
   "source": [
    "result_df"
   ]
  },
  {
   "cell_type": "code",
   "execution_count": 71,
   "id": "daf29ee4",
   "metadata": {},
   "outputs": [
    {
     "name": "stdout",
     "output_type": "stream",
     "text": [
      "id_2    801    802    803    804    805    806    807    808    809    821  \\\n",
      "id_1                                                                         \n",
      "801    0.00   2.80   6.00   7.70  11.70  13.40  16.90  19.60  21.00  23.52   \n",
      "802    2.80   0.00   3.40   5.20   9.20  10.90  14.30  17.10  18.50  20.92   \n",
      "803    6.00   3.40   0.00   2.00   6.00   7.70  11.10  13.90  15.30  17.72   \n",
      "804    7.70   5.20   2.00   0.00   4.40   6.10   9.50  12.30  13.70  16.12   \n",
      "805   11.70   9.20   6.00   4.40   0.00   2.00   5.40   8.20   9.60  12.02   \n",
      "806   13.40  10.90   7.70   6.10   2.00   0.00   3.80   6.60   8.00  10.42   \n",
      "807   16.90  14.30  11.10   9.50   5.40   3.80   0.00   2.90   4.30   6.82   \n",
      "808   19.60  17.10  13.90  12.30   8.20   6.60   2.90   0.00   1.70   4.12   \n",
      "809   21.00  18.50  15.30  13.70   9.60   8.00   4.30   1.70   0.00   2.92   \n",
      "821   23.52  20.92  17.72  16.12  12.02  10.42   6.82   4.12   2.92   0.00   \n",
      "822   24.67  22.07  18.87  17.27  13.17  11.57   7.97   5.27   4.07   1.80   \n",
      "823   26.53  23.93  20.73  19.13  15.03  13.43   9.83   7.13   5.93   3.67   \n",
      "824   27.92  25.32  22.12  20.52  16.42   7.80  11.22   8.52   7.32   5.06   \n",
      "825   29.08  26.48  23.28  21.68  17.58  15.98  12.38   9.68   8.48   6.22   \n",
      "826   30.87  28.27  25.07  23.47  19.37  17.77  14.17  11.47  10.27   8.01   \n",
      "827   32.53  29.93  26.73  25.13  21.03  19.43  15.83  13.13  11.93   9.43   \n",
      "829   36.32  33.72  30.52  28.92  24.82  23.22  19.62  16.92  15.72  13.26   \n",
      "830   38.27  35.67  32.47  30.87  26.77  25.17  21.57  18.87  17.67  15.17   \n",
      "831   39.24  36.64  33.44  31.84  27.74  26.14  22.54  19.84  18.64  16.15   \n",
      "\n",
      "id_2    822    823    824    825    826    827    829    830    831  \n",
      "id_1                                                                 \n",
      "801   24.67  26.53  27.92  29.08  30.87  32.53  36.32  38.27  39.24  \n",
      "802   22.07  23.93  25.32  26.48  28.27  29.93  33.72  35.67  36.64  \n",
      "803   18.87  20.73  22.12  23.28  25.07  26.73  30.52  32.47  33.44  \n",
      "804   17.27  19.13  20.52  21.68  23.47  25.13  28.92  30.87  31.84  \n",
      "805   13.17  15.03  16.42  17.58  19.37  21.03  24.82  26.77  27.74  \n",
      "806   11.57  13.43  14.82  15.98  17.77  19.43  23.22  25.17  26.14  \n",
      "807    7.97   9.83  11.22  12.38  14.17  15.83  19.62  21.57  22.54  \n",
      "808    5.27   7.13   8.52   9.68  11.47  13.13  16.92  18.87  19.84  \n",
      "809    4.07   5.93   7.32   8.48  10.27  11.93  15.72  17.67  18.64  \n",
      "821    1.80   3.67   5.06   6.22   8.01   9.43  13.26  15.17  16.15  \n",
      "822    0.00   2.21   3.60   4.76   6.55   8.00  11.81  13.74  14.68  \n",
      "823    2.21   0.00   1.79   2.94   4.74   6.15  10.00  11.89  12.87  \n",
      "824    3.60   1.79   0.00   1.71   3.50   4.92   8.77  10.66  11.64  \n",
      "825    4.76   2.94   1.71   0.00   2.20   3.65   7.46   9.35  10.33  \n",
      "826    6.55   4.74   3.50   2.20   0.00   2.05   5.81   7.71   8.69  \n",
      "827    8.00   6.15   4.92   3.65   2.05   0.00   4.14   6.06   7.04  \n",
      "829   11.81  10.00  21.40   7.46   5.81   4.14   0.00   2.38   3.36  \n",
      "830   13.74  11.89  10.66   0.00   7.71   6.06   2.38   0.00   1.39  \n",
      "831   14.68  12.87  11.64  10.33   8.69   7.04   3.36   1.39   0.00  \n"
     ]
    },
    {
     "name": "stderr",
     "output_type": "stream",
     "text": [
      "C:\\Users\\dell\\AppData\\Local\\Temp\\ipykernel_7968\\4210117171.py:3: FutureWarning: Using a non-tuple sequence for multidimensional indexing is deprecated; use `arr[tuple(seq)]` instead of `arr[seq]`. In the future this will be interpreted as an array index, `arr[np.array(seq)]`, which will result either in an error or a different result.\n",
      "  result_df.values[[range(len(result_df))]*2]=0.0\n"
     ]
    }
   ],
   "source": [
    "result_df=df.pivot(index=\"id_1\",columns=\"id_2\",values=\"car\")\n",
    "result_df=result_df.fillna(0).astype(float)\n",
    "result_df.values[[range(len(result_df))]*2]=0.0\n",
    "print(result_df)"
   ]
  },
  {
   "cell_type": "code",
   "execution_count": 49,
   "id": "9d8d3908",
   "metadata": {},
   "outputs": [],
   "source": [
    "def get_type_count(df)->dict:\n",
    "    df['car_type']=pd.cut(df['car'],bins=[-float('inf'),15,25,float('inf')],labels=['low','medium','high'],right=False)\n",
    "    type_count=df['car_type'].value_counts().to_dict()\n",
    "    sorted_type_counts=dict(sorted(type_count.items()))\n",
    "    return sorted_type_counts"
   ]
  },
  {
   "cell_type": "raw",
   "id": "a68262e2",
   "metadata": {},
   "source": [
    "sorted_type_counts"
   ]
  },
  {
   "cell_type": "code",
   "execution_count": 44,
   "id": "8aca0597",
   "metadata": {},
   "outputs": [
    {
     "data": {
      "text/plain": [
       "{}"
      ]
     },
     "execution_count": 44,
     "metadata": {},
     "output_type": "execute_result"
    }
   ],
   "source": [
    "dict()"
   ]
  },
  {
   "cell_type": "code",
   "execution_count": 50,
   "id": "461ec5f0",
   "metadata": {},
   "outputs": [],
   "source": [
    "result_type_counts=get_type_count(df)"
   ]
  },
  {
   "cell_type": "code",
   "execution_count": 51,
   "id": "b1092695",
   "metadata": {},
   "outputs": [
    {
     "name": "stdout",
     "output_type": "stream",
     "text": [
      "{'high': 56, 'low': 196, 'medium': 89}\n"
     ]
    }
   ],
   "source": [
    "print(result_type_counts)"
   ]
  },
  {
   "cell_type": "code",
   "execution_count": 38,
   "id": "9353f523",
   "metadata": {},
   "outputs": [
    {
     "data": {
      "text/html": [
       "<div>\n",
       "<style scoped>\n",
       "    .dataframe tbody tr th:only-of-type {\n",
       "        vertical-align: middle;\n",
       "    }\n",
       "\n",
       "    .dataframe tbody tr th {\n",
       "        vertical-align: top;\n",
       "    }\n",
       "\n",
       "    .dataframe thead th {\n",
       "        text-align: right;\n",
       "    }\n",
       "</style>\n",
       "<table border=\"1\" class=\"dataframe\">\n",
       "  <thead>\n",
       "    <tr style=\"text-align: right;\">\n",
       "      <th></th>\n",
       "      <th>id_1</th>\n",
       "      <th>id_2</th>\n",
       "      <th>route</th>\n",
       "      <th>moto</th>\n",
       "      <th>car</th>\n",
       "      <th>rv</th>\n",
       "      <th>bus</th>\n",
       "      <th>truck</th>\n",
       "      <th>car_type</th>\n",
       "    </tr>\n",
       "  </thead>\n",
       "  <tbody>\n",
       "    <tr>\n",
       "      <th>0</th>\n",
       "      <td>829</td>\n",
       "      <td>827</td>\n",
       "      <td>1</td>\n",
       "      <td>2.05</td>\n",
       "      <td>4.14</td>\n",
       "      <td>4.14</td>\n",
       "      <td>10.1</td>\n",
       "      <td>15.2</td>\n",
       "      <td>low</td>\n",
       "    </tr>\n",
       "    <tr>\n",
       "      <th>1</th>\n",
       "      <td>829</td>\n",
       "      <td>821</td>\n",
       "      <td>4</td>\n",
       "      <td>6.63</td>\n",
       "      <td>13.26</td>\n",
       "      <td>13.26</td>\n",
       "      <td>32.4</td>\n",
       "      <td>48.5</td>\n",
       "      <td>low</td>\n",
       "    </tr>\n",
       "    <tr>\n",
       "      <th>2</th>\n",
       "      <td>829</td>\n",
       "      <td>804</td>\n",
       "      <td>7</td>\n",
       "      <td>14.41</td>\n",
       "      <td>28.92</td>\n",
       "      <td>28.92</td>\n",
       "      <td>64.7</td>\n",
       "      <td>97.0</td>\n",
       "      <td>high</td>\n",
       "    </tr>\n",
       "    <tr>\n",
       "      <th>3</th>\n",
       "      <td>829</td>\n",
       "      <td>822</td>\n",
       "      <td>6</td>\n",
       "      <td>5.90</td>\n",
       "      <td>11.81</td>\n",
       "      <td>11.81</td>\n",
       "      <td>28.8</td>\n",
       "      <td>43.2</td>\n",
       "      <td>low</td>\n",
       "    </tr>\n",
       "    <tr>\n",
       "      <th>4</th>\n",
       "      <td>829</td>\n",
       "      <td>826</td>\n",
       "      <td>9</td>\n",
       "      <td>2.87</td>\n",
       "      <td>5.81</td>\n",
       "      <td>5.81</td>\n",
       "      <td>14.2</td>\n",
       "      <td>21.2</td>\n",
       "      <td>low</td>\n",
       "    </tr>\n",
       "    <tr>\n",
       "      <th>...</th>\n",
       "      <td>...</td>\n",
       "      <td>...</td>\n",
       "      <td>...</td>\n",
       "      <td>...</td>\n",
       "      <td>...</td>\n",
       "      <td>...</td>\n",
       "      <td>...</td>\n",
       "      <td>...</td>\n",
       "      <td>...</td>\n",
       "    </tr>\n",
       "    <tr>\n",
       "      <th>336</th>\n",
       "      <td>803</td>\n",
       "      <td>802</td>\n",
       "      <td>3</td>\n",
       "      <td>1.70</td>\n",
       "      <td>3.40</td>\n",
       "      <td>3.40</td>\n",
       "      <td>6.9</td>\n",
       "      <td>10.3</td>\n",
       "      <td>low</td>\n",
       "    </tr>\n",
       "    <tr>\n",
       "      <th>337</th>\n",
       "      <td>803</td>\n",
       "      <td>805</td>\n",
       "      <td>4</td>\n",
       "      <td>3.00</td>\n",
       "      <td>6.00</td>\n",
       "      <td>6.00</td>\n",
       "      <td>12.0</td>\n",
       "      <td>17.9</td>\n",
       "      <td>low</td>\n",
       "    </tr>\n",
       "    <tr>\n",
       "      <th>338</th>\n",
       "      <td>803</td>\n",
       "      <td>825</td>\n",
       "      <td>3</td>\n",
       "      <td>11.59</td>\n",
       "      <td>23.28</td>\n",
       "      <td>23.28</td>\n",
       "      <td>50.1</td>\n",
       "      <td>75.2</td>\n",
       "      <td>medium</td>\n",
       "    </tr>\n",
       "    <tr>\n",
       "      <th>339</th>\n",
       "      <td>803</td>\n",
       "      <td>806</td>\n",
       "      <td>9</td>\n",
       "      <td>3.80</td>\n",
       "      <td>7.70</td>\n",
       "      <td>7.70</td>\n",
       "      <td>15.3</td>\n",
       "      <td>23.0</td>\n",
       "      <td>low</td>\n",
       "    </tr>\n",
       "    <tr>\n",
       "      <th>340</th>\n",
       "      <td>803</td>\n",
       "      <td>830</td>\n",
       "      <td>1</td>\n",
       "      <td>16.18</td>\n",
       "      <td>32.47</td>\n",
       "      <td>32.47</td>\n",
       "      <td>72.6</td>\n",
       "      <td>108.8</td>\n",
       "      <td>high</td>\n",
       "    </tr>\n",
       "  </tbody>\n",
       "</table>\n",
       "<p>341 rows × 9 columns</p>\n",
       "</div>"
      ],
      "text/plain": [
       "     id_1  id_2  route   moto    car     rv   bus  truck car_type\n",
       "0     829   827      1   2.05   4.14   4.14  10.1   15.2      low\n",
       "1     829   821      4   6.63  13.26  13.26  32.4   48.5      low\n",
       "2     829   804      7  14.41  28.92  28.92  64.7   97.0     high\n",
       "3     829   822      6   5.90  11.81  11.81  28.8   43.2      low\n",
       "4     829   826      9   2.87   5.81   5.81  14.2   21.2      low\n",
       "..    ...   ...    ...    ...    ...    ...   ...    ...      ...\n",
       "336   803   802      3   1.70   3.40   3.40   6.9   10.3      low\n",
       "337   803   805      4   3.00   6.00   6.00  12.0   17.9      low\n",
       "338   803   825      3  11.59  23.28  23.28  50.1   75.2   medium\n",
       "339   803   806      9   3.80   7.70   7.70  15.3   23.0      low\n",
       "340   803   830      1  16.18  32.47  32.47  72.6  108.8     high\n",
       "\n",
       "[341 rows x 9 columns]"
      ]
     },
     "execution_count": 38,
     "metadata": {},
     "output_type": "execute_result"
    }
   ],
   "source": [
    "df"
   ]
  },
  {
   "cell_type": "code",
   "execution_count": 52,
   "id": "3559a800",
   "metadata": {},
   "outputs": [],
   "source": [
    "def get_bus_indexes(df)->list:\n",
    "    mean_bus_value=df['bus'].mean()\n",
    "    bus_indexes=df[df['bus']>2*mean_bus_value].index.tolist()\n",
    "    bus_indexes.sort()\n",
    "    return bus_indexes"
   ]
  },
  {
   "cell_type": "code",
   "execution_count": 53,
   "id": "d4c3d9fd",
   "metadata": {},
   "outputs": [],
   "source": [
    "result=get_bus_indexes(df)"
   ]
  },
  {
   "cell_type": "code",
   "execution_count": 59,
   "id": "e8c0a7d1",
   "metadata": {},
   "outputs": [
    {
     "data": {
      "text/plain": [
       "[2,\n",
       " 7,\n",
       " 12,\n",
       " 17,\n",
       " 25,\n",
       " 30,\n",
       " 54,\n",
       " 64,\n",
       " 70,\n",
       " 97,\n",
       " 144,\n",
       " 145,\n",
       " 149,\n",
       " 154,\n",
       " 160,\n",
       " 201,\n",
       " 206,\n",
       " 210,\n",
       " 215,\n",
       " 234,\n",
       " 235,\n",
       " 245,\n",
       " 250,\n",
       " 309,\n",
       " 314,\n",
       " 319,\n",
       " 322,\n",
       " 323,\n",
       " 334,\n",
       " 340]"
      ]
